0.000000000000000000e+00 1.391236358170284682e+00
3.333333333333333148e-01 2.223098873168345868e+00
6.666666666666666297e-01 2.672579596148574321e+00
1.000000000000000000e+00 2.617556595876507242e+00
1.333333333333333259e+00 1.616046978859440042e+00
1.666666666666666519e+00 9.799989006147874493e-01
2.000000000000000000e+00 -1.045901685522586888e+00
2.333333333333333037e+00 -1.419504433675600863e+00
2.666666666666666519e+00 -2.273577581160648897e+00
3.000000000000000000e+00 -2.399083466208890680e+00
3.333333333333333037e+00 -2.557534277093193698e+00
3.666666666666666519e+00 -1.120180213375636669e+00
4.000000000000000000e+00 1.673550618400308221e-01
4.333333333333333037e+00 6.788304314109470106e-01
4.666666666666666075e+00 1.286646405046960373e+00
5.000000000000000000e+00 1.993596508419186897e+00
5.333333333333333037e+00 2.688996058532162614e+00
5.666666666666666075e+00 1.398821205982667237e+00
6.000000000000000000e+00 7.083009984628441114e-01
6.333333333333333037e+00 3.426046058651084913e-01
6.666666666666666075e+00 -2.183605656324952182e+00
7.000000000000000000e+00 -2.087631035949792935e+00
7.333333333333333037e+00 -2.144148592349637727e+00
7.666666666666666075e+00 -2.485168803764767453e+00
8.000000000000000000e+00 -1.918632995990677381e+00
8.333333333333332149e+00 5.929065971764477805e-01
8.666666666666666075e+00 2.177036137373851155e+00
9.000000000000000000e+00 -4.224596752896628282e-01
9.333333333333332149e+00 1.617876191515689399e+00
9.666666666666666075e+00 2.602164419318825139e+00
1.000000000000000000e+01 1.863977230881120217e+00
