-1.000000000000000000e+01 3.720075976020845081e-44
-9.980000000000000426e+00 5.183290867089014709e-44
-9.960000000000000853e+00 4.609974544614776587e-44
-9.940000000000001279e+00 7.274191785914793530e-45
-9.920000000000001705e+00 -5.991572630832209081e-44
-9.900000000000002132e+00 -1.121815287461345106e-43
-9.880000000000002558e+00 -5.031170392942969115e-44
-9.860000000000002984e+00 2.768422447783226313e-43
-9.840000000000003411e+00 1.025971791018846127e-42
-9.820000000000003837e+00 2.258978531603205640e-42
-9.800000000000004263e+00 3.807393882814675462e-42
-9.780000000000004690e+00 5.171267841037940769e-42
-9.760000000000005116e+00 5.577506387931340668e-42
-9.740000000000005542e+00 4.342603380294289082e-42
-9.720000000000005969e+00 1.611670434034255786e-42
-9.700000000000006395e+00 -6.713161204335058415e-43
-9.680000000000006821e+00 1.936314253577189876e-42
-9.660000000000007248e+00 1.592780596244089771e-41
-9.640000000000007674e+00 4.725223179871849551e-41
-9.620000000000008100e+00 9.609518234396032224e-41
-9.600000000000008527e+00 1.500418158944801853e-40
-9.580000000000008953e+00 1.790049328289230890e-40
-9.560000000000009379e+00 1.377029677345739230e-40
-9.540000000000009805e+00 -1.797532831664069092e-41
-9.520000000000010232e+00 -2.982446430320612297e-40
-9.500000000000010658e+00 -6.381503448059104802e-40
-9.480000000000011084e+00 -8.715471547686386932e-40
-9.460000000000011511e+00 -7.597976510640190374e-40
-9.440000000000011937e+00 -1.175163453402945749e-40
-9.420000000000012363e+00 9.487864380889727707e-40
-9.400000000000012790e+00 1.741257918402271284e-39
-9.380000000000013216e+00 7.654642048739189633e-40
-9.360000000000013642e+00 -4.128595483717385024e-39
-9.340000000000014069e+00 -1.499752178702167380e-38
-9.320000000000014495e+00 -3.236758486808070247e-38
-9.300000000000014921e+00 -5.347368457826832978e-38
-9.280000000000015348e+00 -7.119072975343168978e-38
-9.260000000000015774e+00 -7.526283949898816269e-38
-9.240000000000016200e+00 -5.743872609594381138e-38
-9.220000000000016627e+00 -2.089512543124938797e-38
-9.200000000000017053e+00 8.531196202626796721e-39
-9.180000000000017479e+00 -2.411975026043123948e-38
-9.160000000000017906e+00 -1.944764557373454775e-37
-9.140000000000018332e+00 -5.655194038372191028e-37
-9.120000000000018758e+00 -1.127303643428362927e-36
-9.100000000000019185e+00 -1.725304350360051278e-36
-9.080000000000019611e+00 -2.017588134472242921e-36
-9.060000000000020037e+00 -1.521335244710823306e-36
-9.040000000000020464e+00 1.946581395722008860e-37
-9.020000000000020890e+00 3.165792887240890436e-36
-9.000000000000021316e+00 6.639677199577304319e-36
-8.980000000000021743e+00 8.888509837316343686e-36
-8.960000000000022169e+00 7.595390812436984643e-36
-8.940000000000022595e+00 1.151501652345916338e-36
-8.920000000000023022e+00 -9.112737648811562067e-36
-8.900000000000023448e+00 -1.639296885683814796e-35
-8.880000000000023874e+00 -7.063720499213631884e-36
-8.860000000000024301e+00 3.734436363765142769e-35
-8.840000000000024727e+00 1.329708184864616957e-34
-8.820000000000025153e+00 2.812945035879334276e-34
-8.800000000000025580e+00 4.555176100463415140e-34
-8.780000000000026006e+00 5.944325962818448723e-34
-8.760000000000026432e+00 6.159903110922193811e-34
-8.740000000000026859e+00 4.607997042287509995e-34
-8.720000000000027285e+00 1.643109418881710803e-34
-8.700000000000027711e+00 -6.575753777570791141e-35
-8.680000000000028137e+00 1.822311140261533103e-34
-8.660000000000028564e+00 1.440226722784669228e-33
-8.640000000000028990e+00 4.105116201091098107e-33
-8.620000000000029416e+00 8.021082165068669372e-33
-8.600000000000029843e+00 1.203294363122501917e-32
-8.580000000000030269e+00 1.379281116305035691e-32
-8.560000000000030695e+00 1.019434465288055206e-32
-8.540000000000031122e+00 -1.278559855546230608e-33
-8.520000000000031548e+00 -2.038192059450061567e-32
-8.500000000000031974e+00 -4.190093194491294801e-32
-8.480000000000032401e+00 -5.498190516737885196e-32
-8.460000000000032827e+00 -4.605269628722499228e-32
-8.440000000000033253e+00 -6.843584172702481911e-33
-8.420000000000033680e+00 5.308624724551586792e-32
-8.400000000000034106e+00 9.360625757439564757e-32
-8.380000000000034532e+00 3.953619639017295828e-32
-8.360000000000034959e+00 -2.048804656301962062e-31
-8.340000000000035385e+00 -7.150656919230579910e-31
-8.320000000000035811e+00 -1.482739837679776161e-30
-8.300000000000036238e+00 -2.353547628363195347e-30
-8.280000000000036664e+00 -3.010471686320487507e-30
-8.260000000000037090e+00 -3.057876365089662002e-30
-8.240000000000037517e+00 -2.242189647372771904e-30
-8.220000000000037943e+00 -7.836835791432242923e-31
-8.200000000000038369e+00 3.074212720094201441e-31
-8.180000000000038796e+00 -8.350740969636820683e-31
-8.160000000000039222e+00 -6.469153521076919807e-30
-8.140000000000039648e+00 -1.807407824703341112e-29
-8.120000000000040075e+00 -3.461607145342118116e-29
-8.100000000000040501e+00 -5.090152643198138621e-29
-8.080000000000040927e+00 -5.719075430154693983e-29
-8.060000000000041354e+00 -4.143300733309152836e-29
-8.040000000000041780e+00 5.093570472247142086e-30
-8.020000000000042206e+00 7.959036028361862695e-29
-8.000000000000042633e+00 1.603810890547113986e-28
-7.980000000000043059e+00 2.062829675611956868e-28
-7.960000000000043485e+00 1.693607462823681902e-28
-7.940000000000043912e+00 2.466922011297879493e-29
-7.920000000000044338e+00 -1.875719712562042507e-28
-7.900000000000044764e+00 -3.241939528810382127e-28
-7.880000000000045191e+00 -1.342174623129348401e-28
-7.860000000000045617e+00 6.817557361848424734e-28
-7.840000000000046043e+00 2.332320879239984964e-27
-7.820000000000046469e+00 4.740470247090602931e-27
-7.800000000000046896e+00 7.375535722450870633e-27
-7.780000000000047322e+00 9.247391335076093100e-27
-7.760000000000047748e+00 9.207012276728015115e-27
-7.740000000000048175e+00 6.617367488880135120e-27
-7.720000000000048601e+00 2.267084813145328702e-27
-7.700000000000049027e+00 -8.717160581524479013e-28
-7.680000000000049454e+00 2.321027328853853361e-27
-7.660000000000049880e+00 1.762450017810438409e-26
-7.640000000000050306e+00 4.826581237661023075e-26
-7.620000000000050733e+00 9.060983743469554866e-26
-7.600000000000051159e+00 1.305997931457962390e-25
-7.580000000000051585e+00 1.438307078809664349e-25
-7.560000000000052012e+00 1.021377674022561761e-25
-7.540000000000052438e+00 -1.230768388816515144e-26
-7.520000000000052864e+00 -1.885074831615132928e-25
-7.500000000000053291e+00 -3.723363121746271485e-25
-7.480000000000053717e+00 -4.694179749671987121e-25
-7.460000000000054143e+00 -3.777663014607950851e-25
-7.440000000000054570e+00 -5.393615532528660695e-26
-7.420000000000054996e+00 4.019820112475010620e-25
-7.400000000000055422e+00 6.810165972362575426e-25
-7.380000000000055849e+00 2.763604684384492700e-25
-7.360000000000056275e+00 -1.375972670333434662e-24
-7.340000000000056701e+00 -4.614061913790605919e-24
-7.320000000000057128e+00 -9.192436809661998086e-24
-7.300000000000057554e+00 -1.401899591418222196e-23
-7.280000000000057980e+00 -1.722886568992121944e-23
-7.260000000000058407e+00 -1.681397050864220756e-23
-7.240000000000058833e+00 -1.184543251597207532e-23
-7.220000000000059259e+00 -3.977842169915100432e-24
-7.200000000000059686e+00 1.499232321647971399e-24
-7.180000000000060112e+00 -3.912805448965465087e-24
-7.160000000000060538e+00 -2.912318844460041042e-23
-7.140000000000060965e+00 -7.817643135207987073e-23
-7.120000000000061391e+00 -1.438552389874591657e-22
-7.100000000000061817e+00 -2.032389446297257220e-22
-7.080000000000062244e+00 -2.193967400541454074e-22
-7.060000000000062670e+00 -1.527140599748614310e-22
-7.040000000000063096e+00 1.803778085681895668e-23
-7.020000000000063523e+00 2.708005103363235523e-22
-7.000000000000063949e+00 5.242885663356655434e-22
-6.980000000000064375e+00 6.479012528727184403e-22
-6.960000000000064801e+00 5.110771081210910628e-22
-6.940000000000065228e+00 7.152490847533016357e-23
-6.920000000000065654e+00 -5.225141477441248532e-22
-6.900000000000066080e+00 -8.676873021107170662e-22
-6.880000000000066507e+00 -3.451402235988404665e-22
-6.860000000000066933e+00 1.684393567876399754e-21
-6.840000000000067359e+00 5.536448882856653491e-21
-6.820000000000067786e+00 1.081166648364134654e-20
-6.800000000000068212e+00 1.616192200470796651e-20
-6.780000000000068638e+00 1.946914560840094748e-20
-6.760000000000069065e+00 1.862407017916762707e-20
-6.740000000000069491e+00 1.286084047730640684e-20
-6.720000000000069917e+00 4.233310135278253510e-21
-6.700000000000070344e+00 -1.563923788805398764e-21
-6.680000000000070770e+00 4.000820014995115165e-21
-6.660000000000071196e+00 2.918863530528362130e-20
-6.640000000000071623e+00 7.680063695332149622e-20
-6.620000000000072049e+00 1.385251960674916592e-19
-6.600000000000072475e+00 1.918333593280721652e-19
-6.580000000000072902e+00 2.029838481859747136e-19
-6.560000000000073328e+00 1.384919228017161732e-19
-6.540000000000073754e+00 -1.603402802885126783e-20
-6.520000000000074181e+00 -2.359517055547045359e-19
-6.500000000000074607e+00 -4.477732441711865038e-19
-6.480000000000075033e+00 -5.423887624506961509e-19
-6.460000000000075460e+00 -4.193748694196850528e-19
-6.440000000000075886e+00 -5.752907546949096232e-20
-6.420000000000076312e+00 4.119478573508235658e-19
-6.400000000000076739e+00 6.705351465370846633e-19
-6.380000000000077165e+00 2.614375657479153837e-19
-6.360000000000077591e+00 -1.250633620982736690e-18
-6.340000000000078018e+00 -4.029321584114289386e-18
-6.320000000000078444e+00 -7.712716823438543458e-18
-6.300000000000078870e+00 -1.130112979945792374e-17
-6.280000000000079297e+00 -1.334411757927204193e-17
-6.260000000000079723e+00 -1.251214234943752374e-17
-6.240000000000080149e+00 -8.469163924894074140e-18
-6.220000000000080576e+00 -2.732532803521534701e-18
-6.200000000000081002e+00 9.894981669603198258e-19
-6.180000000000081428e+00 -2.481204343983240984e-18
-6.160000000000081855e+00 -1.774358696087833264e-17
-6.140000000000082281e+00 -4.576216485285235321e-17
-6.120000000000082707e+00 -8.090672526190812182e-17
-6.100000000000083134e+00 -1.098231995609179183e-16
-6.080000000000083560e+00 -1.139057248552302352e-16
-6.060000000000083986e+00 -7.617678258838941139e-17
-6.040000000000084412e+00 8.644799590335717730e-18
-6.020000000000084839e+00 1.246951386572632598e-16
-6.000000000000085265e+00 2.319522830239963554e-16
-5.980000000000085691e+00 2.754008683208626649e-16
-5.960000000000086118e+00 2.087233972684925682e-16
-5.940000000000086544e+00 2.806533546202920804e-17
-5.920000000000086970e+00 -1.969877418183011001e-16
-5.900000000000087397e+00 -3.142914816306528043e-16
-5.880000000000087823e+00 -1.201138714649637944e-16
-5.860000000000088249e+00 5.632087380183214182e-16
-5.840000000000088676e+00 1.778628819620013676e-15
-5.820000000000089102e+00 3.337143571955733875e-15
-5.800000000000089528e+00 4.792956402177008735e-15
-5.780000000000089955e+00 5.547350231544101803e-15
-5.760000000000090381e+00 5.098489308289507248e-15
-5.740000000000090807e+00 3.382707805471621772e-15
-5.720000000000091234e+00 1.069802088090028680e-15
-5.700000000000091660e+00 -3.797232255656952085e-16
-5.680000000000092086e+00 9.333162137091589348e-16
-5.660000000000092513e+00 6.542169731513306204e-15
-5.640000000000092939e+00 1.653868820213210887e-14
-5.620000000000093365e+00 2.866112492083134628e-14
-5.600000000000093792e+00 3.813439066172778117e-14
-5.580000000000094218e+00 3.876880205044266576e-14
-5.560000000000094644e+00 2.541403160385345203e-14
-5.540000000000095071e+00 -2.826962059142863689e-15
-5.520000000000095497e+00 -3.996949701733019621e-14
-5.500000000000095923e+00 -7.287724095807637129e-14
-5.480000000000096350e+00 -8.481500392728932911e-14
-5.460000000000096776e+00 -6.300755490908027768e-14
-5.440000000000097202e+00 -8.304353724381919055e-15
-5.420000000000097629e+00 5.713324797912303044e-14
-5.400000000000098055e+00 8.935038600875969993e-14
-5.380000000000098481e+00 3.347118577959541478e-14
-5.360000000000098908e+00 -1.538372215835096004e-13
-5.340000000000099334e+00 -4.762022892613669512e-13
-5.320000000000099760e+00 -8.757802673415522240e-13
-5.300000000000100187e+00 -1.232928390458906594e-12
-5.280000000000100613e+00 -1.398730583198830829e-12
-5.260000000000101039e+00 -1.260097378886261682e-12
-5.240000000000101466e+00 -8.194853445705292533e-13
-5.220000000000101892e+00 -2.540354100544633122e-13
-5.200000000000102318e+00 8.838368153517715785e-14
-5.180000000000102744e+00 -2.129353898993506976e-13
-5.160000000000103171e+00 -1.463035803933126070e-12
-5.140000000000103597e+00 -3.625336446527606406e-12
-5.120000000000104023e+00 -6.158211492121318254e-12
-5.100000000000104450e+00 -8.031419107449466224e-12
-5.080000000000104876e+00 -8.003352955761784625e-12
-5.060000000000105302e+00 -5.142535099306229742e-12
-5.040000000000105729e+00 5.607093383091813180e-13
-5.020000000000106155e+00 7.770708231079399758e-12
-5.000000000000106581e+00 1.388794386493995996e-11
-4.980000000000107008e+00 1.584283236415457126e-11
-4.960000000000107434e+00 1.153630892517222071e-11
-4.940000000000107860e+00 1.490370345955404712e-12
-4.920000000000108287e+00 -1.005058603317998586e-11
-4.900000000000108713e+00 -1.540682021987850206e-11
-4.880000000000109139e+00 -5.657203358023469463e-12
-4.860000000000109566e+00 2.548626709250837479e-11
-4.840000000000109992e+00 7.733042406268496686e-11
-4.820000000000110418e+00 1.394017349546056249e-10
-4.800000000000110845e+00 1.923645260146402799e-10
-4.780000000000111271e+00 2.139120820381130069e-10
-4.760000000000111697e+00 1.888945651040959481e-10
-4.740000000000112124e+00 1.204122456383874149e-10
-4.720000000000112550e+00 3.658792939218415138e-11
-4.700000000000112976e+00 -1.247756305197036415e-11
-4.680000000000113403e+00 2.946589541413891264e-11
-4.660000000000113829e+00 1.984453197040023456e-10
-4.640000000000114255e+00 4.820014377041001298e-10
-4.620000000000114682e+00 8.025437680954819289e-10
-4.600000000000115108e+00 1.025936607802480625e-09
-4.580000000000115534e+00 1.002107512050296849e-09
-4.560000000000115961e+00 6.311516508775276283e-10
-4.540000000000116387e+00 -6.745410082040803122e-11
-4.520000000000116813e+00 -9.163160241060767380e-10
-4.500000000000117240e+00 -1.605228055182739054e-09
-4.480000000000117666e+00 -1.794922601892713363e-09
-4.460000000000118092e+00 -1.281132023480385592e-09
-4.440000000000118519e+00 -1.622315512486370911e-10
-4.420000000000118945e+00 1.072374839862982434e-09
-4.400000000000119371e+00 1.611322070485419044e-09
-4.380000000000119798e+00 5.799429077316822690e-10
-4.360000000000120224e+00 -2.560965876194617577e-09
-4.340000000000120650e+00 -7.616616052233591647e-09
-4.320000000000121076e+00 -1.345841640198089990e-08
-4.300000000000121503e+00 -1.820391837112441444e-08
-4.280000000000121929e+00 -1.984217692793644535e-08
-4.260000000000122355e+00 -1.717463736602458551e-08
-4.240000000000122782e+00 -1.073131343279462020e-08
-4.220000000000123208e+00 -3.196201613552342983e-09
-4.200000000000123634e+00 1.068415592734563481e-09
-4.180000000000124061e+00 -2.473114352634144764e-09
-4.160000000000124487e+00 -1.632598998695975923e-08
-4.140000000000124913e+00 -3.886879788564188721e-08
-4.120000000000125340e+00 -6.343597402811524504e-08
-4.100000000000125766e+00 -7.948799143129706408e-08
-4.080000000000126192e+00 -7.610434006830032329e-08
-4.060000000000126619e+00 -4.698323748685639703e-08
-4.040000000000127045e+00 4.921887522651933976e-09
-4.020000000000127471e+00 6.553642078814310093e-08
-4.000000000000127898e+00 1.125351747190537242e-07
-3.980000000000128324e+00 1.233421131683675512e-07
-3.960000000000128750e+00 8.629262014161217124e-08
-3.940000000000129177e+00 1.071097979531902886e-08
-3.920000000000129603e+00 -6.939922259030903624e-08
-3.900000000000130029e+00 -1.022126046995621517e-07
-3.880000000000130456e+00 -3.605964542357479578e-08
-3.860000000000130882e+00 1.560824639617604296e-07
-3.840000000000131308e+00 4.550158181123653041e-07
-3.820000000000131735e+00 7.880839857968362426e-07
-3.800000000000132161e+00 1.044858622765454970e-06
-3.780000000000132587e+00 1.116338955092602906e-06
-3.760000000000133014e+00 9.471275037988454873e-07
-3.740000000000133440e+00 5.800799603331916371e-07
-3.720000000000133866e+00 1.693492429632925282e-07
-3.700000000000134293e+00 -5.548855574070218346e-08
-3.680000000000134719e+00 1.258987771227105296e-07
-3.660000000000135145e+00 8.146497902772669029e-07
-3.640000000000135572e+00 1.901107362698101600e-06
-3.620000000000135998e+00 3.041271958268584966e-06
-3.600000000000136424e+00 3.735384207482494367e-06
-3.580000000000136851e+00 3.505559074186619921e-06
-3.560000000000137277e+00 2.121313791893347513e-06
-3.540000000000137703e+00 -2.178250243144658929e-07
-3.520000000000138130e+00 -2.842974182898396048e-06
-3.500000000000138556e+00 -4.785117392120207235e-06
-3.480000000000138982e+00 -5.140789275925341283e-06
-3.460000000000139408e+00 -3.525382007974296056e-06
-3.440000000000139835e+00 -4.289195466680420737e-07
-3.420000000000140261e+00 2.724051751892191969e-06
-3.400000000000140687e+00 3.932595831818132250e-06
-3.380000000000141114e+00 1.359910795142633762e-06
-3.360000000000141540e+00 -5.769752606273852988e-06
-3.340000000000141966e+00 -1.648707770122715601e-05
-3.320000000000142393e+00 -2.799005829285797217e-05
-3.300000000000142819e+00 -3.637499496399427217e-05
-3.280000000000143245e+00 -3.809391435067508547e-05
-3.260000000000143672e+00 -3.167977437261279881e-05
-3.240000000000144098e+00 -1.901847124492729989e-05
-3.220000000000144524e+00 -5.442333004332260791e-06
-3.200000000000144951e+00 1.747911274477352884e-06
-3.180000000000145377e+00 -3.887331563832510852e-06
-3.160000000000145803e+00 -2.465557488859896522e-05
-3.140000000000146230e+00 -5.639816028263797631e-05
-3.120000000000146656e+00 -8.843570892862973802e-05
-3.100000000000147082e+00 -1.064686611230192834e-04
-3.080000000000147509e+00 -9.793950727553375182e-05
-3.060000000000147935e+00 -5.809244435631525809e-05
-3.040000000000148361e+00 5.847047428478904571e-06
-3.020000000000148788e+00 7.480245847036022056e-05
-3.000000000000149214e+00 1.234098040864533966e-04
-2.980000000000149640e+00 1.299573894554259328e-04
-2.960000000000150067e+00 8.735574475025206201e-05
-2.940000000000150493e+00 1.041778128821813079e-05
-2.920000000000150919e+00 -6.485281946925288039e-05
-2.900000000000151346e+00 -9.177131030207345082e-05
-2.880000000000151772e+00 -3.110657170770151481e-05
-2.860000000000152198e+00 1.293638793664960308e-04
-2.840000000000152625e+00 3.623377922322566411e-04
-2.820000000000153051e+00 6.029591116123606551e-04
-2.800000000000153477e+00 7.680705470329747282e-04
-2.780000000000153904e+00 7.884386055563490179e-04
-2.760000000000154330e+00 6.427002522388051021e-04
-2.740000000000154756e+00 3.781952806517894670e-04
-2.720000000000155183e+00 1.060815173354093640e-04
-2.700000000000155609e+00 -3.339551193120738080e-05
-2.680000000000156035e+00 7.280050914539256161e-05
-2.660000000000156462e+00 4.525974217838355093e-04
-2.640000000000156888e+00 1.014789558923193417e-03
-2.620000000000157314e+00 1.559742207889742776e-03
-2.600000000000157740e+00 1.840606986352315419e-03
-2.580000000000158167e+00 1.659630083712882809e-03
-2.560000000000158593e+00 9.649107498884517114e-04
-2.540000000000159019e+00 -9.519589496446203549e-05
-2.520000000000159446e+00 -1.193745057760946162e-03
-2.500000000000159872e+00 -1.930454136224229881e-03
-2.480000000000160298e+00 -1.992621969922575391e-03
-2.460000000000160725e+00 -1.312893555659398574e-03
-2.440000000000161151e+00 -1.534713777487715480e-04
-2.420000000000161577e+00 9.364727152021124195e-04
-2.400000000000162004e+00 1.298934672552619352e-03
-2.380000000000162430e+00 4.315654183176296870e-04
-2.360000000000162856e+00 -1.759225973893895328e-03
-2.340000000000163283e+00 -4.829880013661184100e-03
-2.320000000000163709e+00 -7.878157897388741657e-03
-2.300000000000164135e+00 -9.836759208258997328e-03
-2.280000000000164562e+00 -9.897668873239846843e-03
-2.260000000000164988e+00 -7.908381653673576123e-03
-2.240000000000165414e+00 -4.561517707392962091e-03
-2.220000000000165841e+00 -1.254143100641543374e-03
-2.200000000000166267e+00 3.869987711246695408e-04
-2.180000000000166693e+00 -8.269323987451980508e-04
-2.160000000000167120e+00 -5.039202108495958315e-03
-2.140000000000167546e+00 -1.107489970476887263e-02
-2.120000000000167972e+00 -1.668517425988228636e-02
-2.100000000000168399e+00 -1.929981289122074950e-02
-2.080000000000168825e+00 -1.705758096688634456e-02
-2.060000000000169251e+00 -9.720920648570309519e-03
-2.040000000000169678e+00 9.400535302716486871e-04
-2.020000000000170104e+00 1.155473688388357692e-02
-2.000000000000170530e+00 1.831563888870207588e-02
-1.980000000000170957e+00 1.853111746732155618e-02
-1.960000000000171383e+00 1.196796530764816444e-02
-1.940000000000171809e+00 1.371299467197718749e-03
-1.920000000000172236e+00 -8.201894036141393202e-03
-1.900000000000172662e+00 -1.115117023105171266e-02
-1.880000000000173088e+00 -3.631565515573979570e-03
-1.860000000000173515e+00 1.451052030684970781e-02
-1.840000000000173941e+00 3.904917016421618342e-02
-1.820000000000174367e+00 6.243300783129448334e-02
-1.800000000000174794e+00 7.641097273631720921e-02
-1.780000000000175220e+00 7.536170555147403416e-02
-1.760000000000175646e+00 5.902276198510503918e-02
-1.740000000000176072e+00 3.336993679582588024e-02
-1.720000000000176499e+00 8.993054444804353398e-03
-1.700000000000176925e+00 -2.720093456306477663e-03
-1.680000000000177351e+00 5.697159230241066914e-03
-1.660000000000177778e+00 3.403017931240522043e-02
-1.640000000000178204e+00 7.330884425143156802e-02
-1.620000000000178630e+00 1.082583560718693716e-01
-1.600000000000179057e+00 1.227433268081688095e-01
-1.580000000000179483e+00 1.063350264162133824e-01
-1.560000000000179909e+00 5.939917461601573051e-02
-1.540000000000180336e+00 -5.630405935382954905e-03
-1.520000000000180762e+00 -6.783616587462283631e-02
-1.500000000000181188e+00 -1.053992245616870715e-01
-1.480000000000181615e+00 -1.045276201696209439e-01
-1.460000000000182041e+00 -6.617041915156608722e-02
-1.440000000000182467e+00 -7.431731003468519323e-03
-1.420000000000182894e+00 4.356983737467053780e-02
-1.400000000000183320e+00 5.806391844255053003e-02
-1.380000000000183746e+00 1.853505542368742015e-02
-1.360000000000184173e+00 -7.259339391276919962e-02
-1.340000000000184599e+00 -1.914873263447874618e-01
-1.320000000000185025e+00 -3.000935043242472511e-01
-1.300000000000185452e+00 -3.600080196699615986e-01
-1.280000000000185878e+00 -3.480336818668857135e-01
-1.260000000000186304e+00 -2.671801542435587873e-01
-1.240000000000186731e+00 -1.480655970262867160e-01
-1.220000000000187157e+00 -3.911290841688714465e-02
-1.200000000000187583e+00 1.159606989619272298e-02
-1.180000000000188010e+00 -2.380671467162771837e-02
-1.160000000000188436e+00 -1.393860968561059510e-01
-1.140000000000188862e+00 -2.943240172277730715e-01
-1.120000000000189289e+00 -4.260345968579444254e-01
-1.100000000000189715e+00 -4.734732425526027577e-01
-1.080000000000190141e+00 -4.020573484981185275e-01
-1.060000000000190568e+00 -2.201436594890202048e-01
-1.040000000000190994e+00 2.045406298536458362e-02
-1.020000000000191420e+00 2.415545850749695467e-01
-1.000000000000191847e+00 3.678794411708578571e-01
-9.800000000001922729e-01 3.576129814824828279e-01
-9.600000000001926992e-01 2.219014850776505898e-01
-9.400000000001931255e-01 2.442870331993734004e-02
-9.200000000001935518e-01 -1.403816952830355125e-01
-9.000000000001939782e-01 -1.833770555341224240e-01
-8.800000000001944045e-01 -5.737816480263201874e-02
-8.600000000001948308e-01 2.202743741996495697e-01
-8.400000000001952571e-01 5.695357899716438910e-01
-8.200000000001956835e-01 8.748864505832003591e-01
-8.000000000001961098e-01 1.028777319921733824e+00
-7.800000000001965361e-01 9.748652556021272231e-01
-7.600000000001969624e-01 7.335701026837941896e-01
-7.400000000001973888e-01 3.984792388863697687e-01
-7.200000000001978151e-01 1.031776800476960632e-01
-7.000000000001982414e-01 -2.998406994067975492e-02
-6.800000000001986677e-01 6.033833682407490490e-02
-6.600000000001990941e-01 3.462800212600583016e-01
-6.400000000001995204e-01 7.167171414380469896e-01
-6.200000000001999467e-01 1.016906603217145877e+00
-6.000000000002003731e-01 1.107760181409622069e+00
-5.800000000002007994e-01 9.220456519720092725e-01
-5.600000000002012257e-01 4.948626903819203782e-01
-5.400000000002016520e-01 -4.506840928408573088e-02
-5.200000000002020784e-01 -5.217014412918298261e-01
-5.000000000002025047e-01 -7.788007830702563528e-01
-4.800000000002029310e-01 -7.420757629270641198e-01
-4.600000000002033573e-01 -4.513456809289614902e-01
-4.400000000002037837e-01 -4.870388526616592495e-02
-4.200000000002042100e-01 2.743391480561853113e-01
-4.000000000002046363e-01 3.512662369800715889e-01
-3.800000000002050626e-01 1.077338492524287233e-01
-3.600000000002054890e-01 -4.053998746237699180e-01
-3.400000000002059153e-01 -1.027435967263190308e+00
-3.200000000002063416e-01 -1.547032884312169676e+00
-3.000000000002067679e-01 -1.783131394468195019e+00
-2.800000000002071943e-01 -1.656230079292621227e+00
-2.600000000002076206e-01 -1.221607832875399424e+00
-2.400000000002080469e-01 -6.504441249501273781e-01
-2.200000000002084732e-01 -1.650836889461847201e-01
-2.000000000002088996e-01 4.702438225854671527e-02
-1.800000000002093259e-01 -9.275556224105459269e-02
-1.600000000002097522e-01 -5.217808946637405576e-01
-1.400000000002101785e-01 -1.058577452550401032e+00
-1.200000000002106049e-01 -1.472210889357308927e+00
-1.000000000002110312e-01 -1.571986525062539553e+00
-8.000000000021145752e-02 -1.282536114882180778e+00
-6.000000000021188384e-02 -6.747082201142424740e-01
-4.000000000021231017e-02 6.023066100846247162e-02
-2.000000000021273650e-02 6.834103419884697272e-01
-2.131628207280300558e-13 9.999999999986606269e-01
1.999999999978641085e-02 9.339765625887483935e-01
3.999999999978598453e-02 5.568152640186646574e-01
5.999999999978555820e-02 5.889515366272374958e-02
7.999999999978513188e-02 -3.251755230980225009e-01
9.999999999978470555e-02 -4.081131424378932615e-01
1.199999999997842792e-01 -1.226903653737495825e-01
1.399999999997838529e-01 4.525389898090296792e-01
1.599999999997834266e-01 1.124194013533061254e+00
1.799999999997830002e-01 1.659205425094239406e+00
1.999999999997825739e-01 1.874554496045463425e+00
2.199999999997821476e-01 1.706669794477812196e+00
2.399999999997817213e-01 1.233885195707685511e+00
2.599999999997812949e-01 6.439720977704364024e-01
2.799999999997808686e-01 1.602047285997639514e-01
2.999999999997804423e-01 -4.473097607328963693e-02
3.199999999997800160e-01 8.648471299532689560e-02
3.399999999997795896e-01 4.768718315117655981e-01
3.599999999997791633e-01 9.483098168498533820e-01
3.799999999997787370e-01 1.292741655296303582e+00
3.999999999997783107e-01 1.353021340954380314e+00
4.199999999997778843e-01 1.082030596140766132e+00
4.399999999997774580e-01 5.579561253705794810e-01
4.599999999997770317e-01 -4.882202493753105138e-02
4.799999999997766054e-01 -5.429924810080458686e-01
4.999999999997761790e-01 -7.788007830704837264e-01
5.199999999997757527e-01 -7.129785560717309956e-01
5.399999999997753264e-01 -4.166445759370909774e-01
5.599999999997749001e-01 -4.319647119048512091e-02
5.799999999997744737e-01 2.337764010862643238e-01
5.999999999997740474e-01 2.875924707337637609e-01
6.199999999997736211e-01 8.474644740227645079e-02
6.399999999997731948e-01 -3.063946340284874337e-01
6.599999999997727684e-01 -7.460716382829118976e-01
6.799999999997723421e-01 -1.079328219038177439e+00
6.999999999997719158e-01 -1.195268718428018628e+00
7.199999999997714895e-01 -1.066672492758562463e+00
7.399999999997710631e-01 -7.559106382842898375e-01
7.599999999997706368e-01 -3.867023975898791210e-01
7.799999999997702105e-01 -9.429729941992984199e-02
7.999999999997697842e-01 2.580752816361364665e-02
8.199999999997693578e-01 -4.890930525741104401e-02
8.399999999997689315e-01 -2.643430675282120168e-01
8.599999999997685052e-01 -5.152649631372392403e-01
8.799999999997680789e-01 -6.885036064309922876e-01
8.999999999997676525e-01 -7.063390769129553881e-01
9.199999999997672262e-01 -5.536843374729596423e-01
9.399999999997667999e-01 -2.798574400749276880e-01
9.599999999997663735e-01 2.400306526868453694e-02
9.799999999997659472e-01 2.616729581491233914e-01
9.999999999997655209e-01 3.678794411710727408e-01
1.019999999999765095e+00 3.301183888870082295e-01
1.039999999999764668e+00 1.890919722718044926e-01
1.059999999999764242e+00 1.921629864154224612e-02
1.079999999999763816e+00 -1.019380328524651935e-01
1.099999999999763389e+00 -1.229213163076846443e-01
1.119999999999762963e+00 -3.550465543249620159e-02
1.139999999999762537e+00 1.258227190761821157e-01
1.159999999999762110e+00 3.003119072733153039e-01
1.179999999999761684e+00 4.258529535303367530e-01
1.199999999999761258e+00 4.622594474681143151e-01
1.219999999999760831e+00 4.043574492163860556e-01
1.239999999999760405e+00 2.808787736821781178e-01
1.259999999999759979e+00 1.408443526481499841e-01
1.279999999999759552e+00 3.366479225583729473e-02
1.299999999999759126e+00 -9.031028315696226078e-03
1.319999999999758700e+00 1.677630828429842874e-02
1.339999999999758273e+00 8.887649929999386078e-02
1.359999999999757847e+00 1.698101859299545047e-01
1.379999999999757421e+00 2.224095620439048016e-01
1.399999999999756994e+00 2.236529233999671185e-01
1.419999999999756568e+00 1.718453142481686235e-01
1.439999999999756142e+00 8.513858417813674473e-02
1.459999999999755715e+00 -7.157648761055714071e-03
1.479999999999755289e+00 -7.648506344677384605e-02
1.499999999999754863e+00 -1.053992245617794976e-01
1.519999999999754436e+00 -9.270768253004232906e-02
1.539999999999754010e+00 -5.205149528328330277e-02
1.559999999999753584e+00 -5.184942782990060485e-03
1.579999999999753157e+00 2.696029175110725012e-02
1.599999999999752731e+00 3.186615407855310222e-02
1.619999999999752305e+00 9.021980041941851658e-03
1.639999999999751878e+00 -3.133933208346864618e-02
1.659999999999751452e+00 -7.331913501177549086e-02
1.679999999999751026e+00 -1.019104113436790082e-01
1.699999999999750599e+00 -1.084323317667039710e-01
1.719999999999750173e+00 -9.297208269997891961e-02
1.739999999999749747e+00 -6.330239510944636605e-02
1.759999999999749321e+00 -3.111392283922874424e-02
1.779999999999748894e+00 -7.289628256183397666e-03
1.799999999999748468e+00 1.916817461578186176e-03
1.819999999999748042e+00 -3.490230116279245762e-03
1.839999999999747615e+00 -1.812419448854207110e-02
1.859999999999747189e+00 -3.394295291119629743e-02
1.879999999999746763e+00 -4.357661077302264763e-02
1.899999999999746336e+00 -4.295252350174181416e-02
1.919999999999745910e+00 -3.234937615100158537e-02
1.939999999999745484e+00 -1.570973102600019961e-02
1.959999999999745057e+00 1.294573816435512763e-03
1.979999999999744631e+00 1.355960934466858732e-02
1.999999999999744205e+00 1.831563888872346849e-02
2.019999999999743778e+00 1.579117665242600957e-02
2.039999999999743352e+00 8.690526483926654458e-03
2.059999999999742926e+00 8.485373355255125495e-04
2.079999999999742499e+00 -4.324796588054126770e-03
2.099999999999742073e+00 -5.010543768627248769e-03
2.119999999999741647e+00 -1.390500600890274413e-03
2.139999999999741220e+00 4.734489585570967295e-03
2.159999999999740794e+00 1.085712585738844715e-02
2.179999999999740368e+00 1.479211261326250117e-02
2.199999999999739941e+00 1.542710933207303015e-02
2.219999999999739515e+00 1.296559436910998085e-02
2.239999999999739089e+00 8.653147831211101607e-03
2.259999999999738662e+00 4.168913284978938670e-03
2.279999999999738236e+00 9.573871260060574494e-04
2.299999999999737810e+00 -2.467613111116591308e-04
2.319999999999737383e+00 4.404174155525163560e-04
2.339999999999736957e+00 2.241729705285752140e-03
2.359999999999736531e+00 4.115174585697658864e-03
2.379999999999736104e+00 5.178526499526841902e-03
2.399999999999735678e+00 5.003288524348427357e-03
2.419999999999735252e+00 3.693574677475489586e-03
2.439999999999734825e+00 1.758182018084254641e-03
2.459999999999734399e+00 -1.420155872133129155e-04
2.479999999999733973e+00 -1.458043506086763655e-03
2.499999999999733546e+00 -1.930454136227049457e-03
2.519999999999733120e+00 -1.631420886040212299e-03
2.539999999999732694e+00 -8.800588686753997017e-04
2.559999999999732267e+00 -8.422687791974417515e-05
2.579999999999731841e+00 4.207843150449387605e-04
2.599999999999731415e+00 4.778513614585363362e-04
2.619999999999730989e+00 1.299850060615922510e-04
2.639999999999730562e+00 -4.338197840470018577e-04
2.659999999999730136e+00 -9.751359570893158076e-04
2.679999999999729710e+00 -1.302250741673633121e-03
2.699999999999729283e+00 -1.331260593582899105e-03
2.719999999999728857e+00 -1.096692971583107176e-03
2.739999999999728431e+00 -7.174321974561437189e-04
2.759999999999728004e+00 -3.388002422184686392e-04
2.779999999999727578e+00 -7.626452049209172851e-05
2.799999999999727152e+00 1.926753427622497026e-05
2.819999999999726725e+00 -3.370758711345507602e-05
2.839999999999726299e+00 -1.681746523509700293e-04
2.859999999999725873e+00 -3.026074856646244408e-04
2.879999999999725446e+00 -3.732602267486791192e-04
2.899999999999725020e+00 -3.534884035366702803e-04
2.919999999999724594e+00 -2.557882657615606105e-04
2.939999999999724167e+00 -1.193470469742050917e-04
2.959999999999723741e+00 9.449263676874287342e-06
2.979999999999723315e+00 9.509256177219896692e-05
2.999999999999722888e+00 1.234098040866698034e-04
3.019999999999722462e+00 1.022281032975477999e-04
3.039999999999722036e+00 5.405428403074631144e-05
3.059999999999721609e+00 5.070878544415457916e-06
3.079999999999721183e+00 -2.483168321014352599e-05
3.099999999999720757e+00 -2.764098748269890578e-05
3.119999999999720330e+00 -7.370010315184176298e-06
3.139999999999719904e+00 2.411006055325358487e-05
3.159999999999719478e+00 5.312124298413293822e-05
3.179999999999719051e+00 6.953633252777237318e-05
3.199999999999718625e+00 6.967778800888739434e-05
3.219999999999718199e+00 5.626397985998764998e-05
3.239999999999717772e+00 3.607782623306398842e-05
3.259999999999717346e+00 1.670003270341312076e-05
3.279999999999716920e+00 3.684768973959736465e-06
3.299999999999716493e+00 -9.124896989913978050e-07
3.319999999999716067e+00 1.564745121261815676e-06
3.339999999999715641e+00 7.652275363285676344e-06
3.359999999999715214e+00 1.349658295376185953e-05
3.379999999999714788e+00 1.631811491551863117e-05
3.399999999999714362e+00 1.514772991438668296e-05
3.419999999999713935e+00 1.074402746347414973e-05
3.439999999999713509e+00 4.913741214985230465e-06
3.459999999999713083e+00 -3.813402799107539174e-07
3.479999999999712657e+00 -3.761623897089369902e-06
3.499999999999712230e+00 -4.785117392129990466e-06
3.519999999999711804e+00 -3.885324953013567012e-06
3.539999999999711378e+00 -2.013730156503334509e-06
3.559999999999710951e+00 -1.851690820128228761e-07
3.579999999999710525e+00 8.888030461473359841e-07
3.599999999999710099e+00 9.697661925405088610e-07
3.619999999999709672e+00 2.534519819574321206e-07
3.639999999999709246e+00 -8.127182412183996760e-07
3.659999999999708820e+00 -1.755189633655022570e-06
3.679999999999708393e+00 -2.252069083142647314e-06
3.699999999999707967e+00 -2.211965721759014593e-06
3.719999999999707541e+00 -1.750767986417361879e-06
3.739999999999707114e+00 -1.100405166150747280e-06
3.759999999999706688e+00 -4.992794488282207863e-07
3.779999999999706262e+00 -1.079818447715433695e-07
3.799999999999705835e+00 2.621093779173165706e-08
3.819999999999705409e+00 -4.405673468114911815e-08
3.839999999999704983e+00 -2.111900239656119528e-07
3.859999999999704556e+00 -3.651074952842059547e-07
3.879999999999704130e+00 -4.326941443055332969e-07
3.899999999999703704e+00 -3.937065989107877843e-07
3.919999999999703277e+00 -2.737198927796705053e-07
3.939999999999702851e+00 -1.227059556559427471e-07
3.959999999999702425e+00 9.334265575879679390e-09
3.979999999999701998e+00 9.025202464230599792e-08
3.999999999999701572e+00 1.125351747193165691e-07
4.019999999999701146e+00 8.956475670835154816e-08
4.039999999999700719e+00 4.550144485198464977e-08
4.059999999999700293e+00 4.101157965750042984e-09
4.079999999999699867e+00 -1.929557250249673276e-08
4.099999999999699440e+00 -2.063636898412102948e-08
4.119999999999699014e+00 -5.286595071233160944e-09
4.139999999999698588e+00 1.661630567304744590e-08
4.159999999999698161e+00 3.517487971672224887e-08
4.179999999999697735e+00 4.423890763614724380e-08
4.199999999999697309e+00 4.259074030986415754e-08
4.219999999999696882e+00 3.304300252682782568e-08
4.239999999999696456e+00 2.035718098977373784e-08
4.259999999999696030e+00 9.053631579222258214e-09
4.279999999999695603e+00 1.919304937977237204e-09
4.299999999999695177e+00 -4.566567778599886090e-10
4.319999999999694751e+00 7.523739745201846665e-10
4.339999999999694325e+00 3.535159136402111251e-09
4.359999999999693898e+00 5.990601460483411653e-09
4.379999999999693472e+00 6.958967490111541372e-09
4.399999999999693046e+00 6.206554798067845176e-09
4.419999999999692619e+00 4.229590984322552535e-09
4.439999999999692193e+00 1.858539359986162424e-09
4.459999999999691767e+00 -1.385799449041681422e-10
4.479999999999691340e+00 -1.313382710380133480e-09
4.499999999999690914e+00 -1.605228055186955607e-09
4.519999999999690488e+00 -1.252275006478332974e-09
4.539999999999690061e+00 -6.235939026191532760e-10
4.559999999999689635e+00 -5.509310892701288372e-11
4.579999999999689209e+00 2.540753672748959353e-10
4.599999999999688782e+00 2.663497468198179411e-10
4.619999999999688356e+00 6.688198603196197650e-11
4.639999999999687930e+00 -2.060543072954987323e-10
4.659999999999687503e+00 -4.275569356901056337e-10
4.679999999999687077e+00 -5.270840081665128959e-10
4.699999999999686651e+00 -4.973988130276641921e-10
4.719999999999686224e+00 -3.782536865738478978e-10
4.739999999999685798e+00 -2.284206768537376344e-10
4.759999999999685372e+00 -9.957600637059113323e-11
4.779999999999684945e+00 -2.069140482118237166e-11
4.799999999999684519e+00 4.825585504918009266e-12
4.819999999999684093e+00 -7.793059320650345803e-12
4.839999999999683666e+00 -3.589197003921031730e-11
4.859999999999683240e+00 -5.961737728947131379e-11
4.879999999999682814e+00 -6.788305146709490678e-11
4.899999999999682387e+00 -5.934460633925615514e-11
4.919999999999681961e+00 -3.964086669408999265e-11
4.939999999999681535e+00 -1.707381780923747081e-11
4.959999999999681108e+00 1.247881581241488516e-12
4.979999999999680682e+00 1.159253445724835089e-11
4.999999999999680256e+00 1.388794386498053220e-11
5.019999999999679829e+00 1.061976811975011469e-11
5.039999999999679403e+00 5.183597739153365773e-12
5.059999999999678977e+00 4.488909218482484981e-13
5.079999999999678550e+00 -2.029178323896393525e-12
5.099999999999678124e+00 -2.085086378247386565e-12
5.119999999999677698e+00 -5.132099100043938112e-13
5.139999999999677271e+00 1.549821497960962643e-12
5.159999999999676845e+00 3.152158519371195599e-12
5.179999999999676419e+00 3.808974314577484849e-12
5.199999999999675993e+00 3.523279193501534459e-12
5.219999999999675566e+00 2.626271340572070278e-12
5.239999999999675140e+00 1.554554489755787003e-12
5.259999999999674714e+00 6.642619101218424429e-13
5.279999999999674287e+00 1.352971765644807602e-13
5.299999999999673861e+00 -3.092878657444100571e-14
5.319999999999673435e+00 4.895927283444504855e-14
5.339999999999673008e+00 2.210234652911038379e-13
5.359999999999672582e+00 3.598554330068415334e-13
5.379999999999672156e+00 4.016341791432577334e-13
5.399999999999671729e+00 3.441633905166280388e-13
5.419999999999671303e+00 2.253412347762081766e-13
5.439999999999670877e+00 9.513542918986904588e-14
5.459999999999670450e+00 -6.815521997517453542e-15
5.479999999999670024e+00 -6.206092653883912797e-14
5.499999999999669598e+00 -7.287724095831022753e-14
5.519999999999669171e+00 -5.462395158390925719e-14
5.539999999999668745e+00 -2.613445708351104674e-14
5.559999999999668319e+00 -2.218386040016597304e-15
5.579999999999667892e+00 9.829481868292295398e-15
5.599999999999667466e+00 9.900304970740241295e-15
5.619999999999667040e+00 2.388546310904929959e-15
5.639999999999666613e+00 -7.070244348844457900e-15
5.659999999999666187e+00 -1.409531878776634652e-14
5.679999999999665761e+00 -1.669509933070288885e-14
5.699999999999665334e+00 -1.513708092587735538e-14
5.719999999999664908e+00 -1.105983832504919393e-14
5.739999999999664482e+00 -6.416958694105476192e-15
5.759999999999664055e+00 -2.687675018939736659e-15
5.779999999999663629e+00 -5.365871260404531354e-16
5.799999999999663203e+00 1.202343354007408140e-16
5.819999999999662776e+00 -1.865583511293400951e-16
5.839999999999662350e+00 -8.255288016121183595e-16
5.859999999999661924e+00 -1.317455698994625865e-15
5.879999999999661497e+00 -1.441294505887226707e-15
5.899999999999661071e+00 -1.210600499453463062e-15
5.919999999999660645e+00 -7.769462186595939997e-16
5.939999999999660218e+00 -3.215190276290459333e-16
5.959999999999659792e+00 2.257759260020281677e-17
5.979999999999659366e+00 2.015166216610575803e-16
5.999999999999658939e+00 2.319522830248081918e-16
6.019999999999658513e+00 1.704134834073885197e-16
6.039999999999658087e+00 7.991870395195004259e-17
6.059999999999657661e+00 6.649457028405741948e-18
6.079999999999657234e+00 -2.887977440475544912e-17
6.099999999999656808e+00 -2.851187995006857500e-17
6.119999999999656382e+00 -6.742563688130798829e-18
6.139999999999655955e+00 1.956320135474015677e-17
6.159999999999655529e+00 3.822913878972041170e-17
6.179999999999655103e+00 4.438362087152093824e-17
6.199999999999654676e+00 3.944481880709760549e-17
6.219999999999654250e+00 2.824949713722301130e-17
6.239999999999653824e+00 1.606590879407510257e-17
6.259999999999653397e+00 6.595791496779982543e-18
6.279999999999652971e+00 1.290757100697235875e-18
6.299999999999652545e+00 -2.834959713170232171e-19
6.319999999999652118e+00 4.311686633436776211e-19
6.339999999999651692e+00 1.870160306607963708e-18
6.359999999999651266e+00 2.925477323228901544e-18
6.379999999999650839e+00 3.137094180298622933e-18
6.399999999999650413e+00 2.582794096383830518e-18
6.419999999999649987e+00 1.624777902926155438e-18
6.439999999999649560e+00 6.590583045220692599e-19
6.459999999999649134e+00 -4.536374490058923907e-20
6.479999999999648708e+00 -3.968772927348311118e-19
6.499999999999648281e+00 -4.477732441728841147e-19
6.519999999999647855e+00 -3.224612642680333642e-19
6.539999999999647429e+00 -1.482300110948121699e-19
6.559999999999647002e+00 -1.208893390040073441e-20
6.579999999999646576e+00 5.146473323330716187e-20
6.599999999999646150e+00 4.980304465223405992e-20
6.619999999999645723e+00 1.154434262262331169e-20
6.639999999999645297e+00 -3.283206399260964695e-20
6.659999999999644871e+00 -6.288787000215633032e-20
6.679999999999644444e+00 -7.156640651184959098e-20
6.699999999999644018e+00 -6.234341056643076455e-20
6.719999999999643592e+00 -4.376484790726364757e-20
6.739999999999643165e+00 -2.439686986296984634e-20
6.759999999999642739e+00 -9.817701900494280474e-21
6.779999999999642313e+00 -1.883222160574230559e-21
6.799999999999641886e+00 4.054320106379435809e-22
6.819999999999641460e+00 -6.044111164687145119e-22
6.839999999999641034e+00 -2.569674999657339676e-21
6.859999999999640607e+00 -3.940126911301385769e-21
6.879999999999640181e+00 -4.141475934201623403e-21
6.899999999999639755e+00 -3.342192654589150024e-21
6.919999999999639329e+00 -2.060866262737102794e-21
6.939999999999638902e+00 -8.193958363901738519e-22
6.959999999999638476e+00 5.528316846758177230e-23
6.979999999999638050e+00 4.740830065096521294e-22
6.999999999999637623e+00 5.242885663378133127e-22
7.019999999999637197e+00 3.700870681235640642e-22
7.039999999999636771e+00 1.667541338774142418e-22
7.059999999999636344e+00 1.333038158010098258e-23
7.079999999999635918e+00 -5.562607468551662842e-23
7.099999999999635492e+00 -5.276411918097479420e-23
7.119999999999635065e+00 -1.198853503968704761e-23
7.139999999999634639e+00 3.342021236651574526e-23
7.159999999999634213e+00 6.274686259895725766e-23
7.179999999999633786e+00 6.999200771655392792e-23
7.199999999999633360e+00 5.976458497018993617e-23
7.219999999999632934e+00 4.112376650956084412e-23
7.239999999999632507e+00 2.247065237089400904e-23
7.259999999999632081e+00 8.863505594087476979e-24
7.279999999999631655e+00 1.666523139817496421e-24
7.299999999999631228e+00 -3.516753576063702388e-25
7.319999999999630802e+00 5.138903427695676158e-25
7.339999999999630376e+00 2.141560375179884957e-24
7.359999999999629949e+00 3.218669942101103614e-24
7.379999999999629523e+00 3.316160073349327298e-24
7.399999999999629097e+00 2.623166967409694229e-24
7.419999999999628670e+00 1.585471261943812149e-24
7.439999999999628244e+00 6.178974856002024332e-25
7.459999999999627818e+00 -4.086294954921053385e-26
7.479999999999627391e+00 -3.434830290810951877e-25
7.499999999999626965e+00 -3.723363121762607183e-25
7.519999999999626539e+00 -2.576220468564265773e-25
7.539999999999626112e+00 -1.137810234577690566e-25
7.559999999999625686e+00 -8.915586511434740957e-27
7.579999999999625260e+00 3.646698531931086717e-26
7.599999999999624833e+00 3.390581988660683622e-26
7.619999999999624407e+00 7.551196735515143670e-27
7.639999999999623981e+00 -2.063350388051351580e-26
7.659999999999623554e+00 -3.797256241891572325e-26
7.679999999999623128e+00 -4.151838491080116811e-26
7.699999999999622702e+00 -3.474961663717598650e-26
7.719999999999622275e+00 -2.343759820800330244e-26
7.739999999999621849e+00 -1.255307176439076310e-26
7.759999999999621423e+00 -4.853488043039248528e-27
7.779999999999620997e+00 -8.944867247931868256e-28
7.799999999999620570e+00 1.850199670938948290e-28
7.819999999999620144e+00 -2.650093691808283893e-28
7.839999999999619718e+00 -1.082518195573899978e-27
7.859999999999619291e+00 -1.594760378038620341e-27
7.879999999999618865e+00 -1.610529147617666797e-27
7.899999999999618439e+00 -1.248743234281255068e-27
7.919999999999618012e+00 -7.398091497925823772e-28
7.939999999999617586e+00 -2.826128222838329071e-28
7.959999999999617160e+00 1.831973790186199020e-29
7.979999999999616733e+00 1.509415964540364592e-28
7.999999999999616307e+00 1.603810890554617323e-28
8.019999999999615881e+00 1.087714460053656972e-28
8.039999999999615454e+00 4.708860470009799969e-29
8.059999999999615028e+00 3.616679419416508279e-30
8.079999999999614602e+00 -1.450020255230374598e-29
8.099999999999614175e+00 -1.321486003603746376e-29
8.119999999999613749e+00 -2.884816628706550885e-30
8.139999999999613323e+00 7.726619428607610365e-30
8.159999999999612896e+00 1.393800297279975218e-29
8.179999999999612470e+00 1.493775077773050148e-29
8.199999999999612044e+00 1.225487502327507277e-29
8.219999999999611617e+00 8.101885180341204645e-30
8.239999999999611191e+00 4.253408564686151334e-30
8.259999999999610765e+00 1.611963352388038084e-30
8.279999999999610338e+00 2.911985511600165670e-31
8.299999999999609912e+00 -5.904022719708123907e-32
8.319999999999609486e+00 8.289050000541879356e-32
8.339999999999609059e+00 3.318889906732048775e-31
8.359999999999608633e+00 4.792555918185435779e-31
8.379999999999608207e+00 4.744106733592578109e-31
8.399999999999607780e+00 3.605563268336989617e-31
8.419999999999607354e+00 2.093793181218097401e-31
8.439999999999606928e+00 7.840072076605297481e-32
8.459999999999606501e+00 -4.981516344082637319e-33
8.479999999999606075e+00 -4.023141920133754184e-32
8.499999999999605649e+00 -4.190093194512118315e-32
8.519999999999605222e+00 -2.785476743076349778e-32
8.539999999999604796e+00 -1.181992081015302736e-32
8.559999999999604370e+00 -8.898624279021232980e-34
8.579999999999603943e+00 3.497043500692539492e-33
8.599999999999603517e+00 3.123946904043200776e-33
8.619999999999603091e+00 6.684568825551259317e-34
8.639999999999602665e+00 -1.754926041731979156e-33
8.659999999999602238e+00 -3.103015607570135811e-33
8.679999999999601812e+00 -3.259738237797686507e-33
8.699999999999601386e+00 -2.621322857758808393e-33
8.719999999999600959e+00 -1.698680973396715401e-33
8.739999999999600533e+00 -8.741318607327425227e-34
8.759999999999600107e+00 -3.247200633236587137e-34
8.779999999999599680e+00 -5.749860116154397657e-35
8.799999999999599254e+00 1.142694665079322908e-35
8.819999999999598828e+00 -1.572537640023977005e-35
8.839999999999598401e+00 -6.171677824139253802e-35
8.859999999999597975e+00 -8.735579080801554819e-35
8.879999999999597549e+00 -8.476041461831150874e-35
8.899999999999597122e+00 -6.314309310172689614e-35
8.919999999999596696e+00 -3.594186619196091475e-35
8.939999999999596270e+00 -1.319170733192692743e-35
8.959999999999595843e+00 8.215927952548496738e-37
8.979999999999595417e+00 6.503910045527083745e-36
8.999999999999594991e+00 6.639677199612234681e-36
9.019999999999594564e+00 4.326502215491256266e-36
9.039999999999594138e+00 1.799558921549006006e-36
9.059999999999593712e+00 1.327970674541992095e-37
9.079999999999593285e+00 -5.115413666819380564e-37
9.099999999999592859e+00 -4.479169311369938681e-37
9.119999999999592433e+00 -9.394666002335575202e-38
9.139999999999592006e+00 2.417580112919255762e-37
9.159999999999591580e+00 4.190058883860240753e-37
9.179999999999591154e+00 4.314525136398256530e-37
9.199999999999590727e+00 3.400829831288459698e-37
9.219999999999590301e+00 2.160181884358451219e-37
9.239999999999589875e+00 1.089606179423619223e-37
9.259999999999589448e+00 3.967490002354527839e-38
9.279999999999589022e+00 6.886175829022312896e-39
9.299999999999588596e+00 -1.341421116156289859e-39
9.319999999999588169e+00 1.809464631282490216e-39
9.339999999999587743e+00 6.960916213311897930e-39
9.359999999999587317e+00 9.657594567835935408e-39
9.379999999999586890e+00 9.185111923378251347e-39
9.399999999999586464e+00 6.707046894071003183e-39
9.419999999999586038e+00 3.742141661127960104e-39
9.439999999999585611e+00 1.346277907024270824e-39
9.459999999999585185e+00 -8.218724900101150452e-41
9.479999999999584759e+00 -6.377294280818198620e-40
9.499999999999584332e+00 -6.381503448094533126e-40
9.519999999999583906e+00 -4.075933438467809275e-40
9.539999999999583480e+00 -1.661767779703155601e-40
9.559999999999583054e+00 -1.202006616132070952e-41
9.579999999999582627e+00 4.538509441922486111e-41
9.599999999999582201e+00 3.895328363583557094e-41
9.619999999999581775e+00 8.008331631143989449e-42
9.639999999999581348e+00 -2.020020093252986776e-41
9.659999999999580922e+00 -3.431697920464039066e-41
9.679999999999580496e+00 -3.463666260557359420e-41
9.699999999999580069e+00 -2.676098209876033290e-41
9.719999999999579643e+00 -1.666178691588846767e-41
9.739999999999579217e+00 -8.237869812878042546e-42
9.759999999999578790e+00 -2.940189471925224626e-42
9.779999999999578364e+00 -5.002092229670129308e-43
9.799999999999577938e+00 9.551087777496160110e-44
9.819999999999577511e+00 -1.262850401850226073e-43
9.839999999999577085e+00 -4.761922520213259880e-43
9.859999999999576659e+00 -6.475883069342181147e-43
9.879999999999576232e+00 -6.037103089944603768e-43
9.899999999999575806e+00 -4.321052992768195421e-43
9.919999999999575380e+00 -2.363157045401798021e-43
9.939999999999574953e+00 -8.333380062602535784e-44
9.959999999999574527e+00 4.986605647625804564e-45
9.979999999999574101e+00 3.792723207418968277e-44
