0.000000000000000000e+00 2.000000000002000178e-04
2.000000000000000111e-01 2.402000000000015234e-01
4.000000000000000222e-01 9.601999999999999424e-01
6.000000000000000888e-01 2.160200000000001008e+00
8.000000000000000444e-01 3.840199999999998948e+00
1.000000000000000000e+00 5.885126221291836046e+00
1.200000000000000178e+00 3.254463815094443824e+00
1.400000000000000133e+00 2.491497727834568465e+00
1.600000000000000089e+00 2.095346983040613509e+00
1.800000000000000044e+00 1.842914875062540148e+00
2.000000000000000000e+00 1.664118313484719280e+00
