-2.000000000000000000e+00 -1.774794771323067621e+01
-1.919999999999999929e+00 -1.413299917052762211e+01
-1.840000000000000080e+00 -1.233783121754866485e+01
-1.760000000000000009e+00 -7.818253900084375374e+00
-1.679999999999999938e+00 -8.323394347176357400e+00
-1.600000000000000089e+00 -7.021269837683810522e+00
-1.520000000000000018e+00 -4.690445698509092765e+00
-1.439999999999999947e+00 -4.046537899962308060e-01
-1.359999999999999876e+00 -2.434281812917253873e-01
-1.280000000000000027e+00 -1.338859721662528646e+00
-1.199999999999999956e+00 2.596192224646421298e+00
-1.120000000000000107e+00 1.497058910111931596e+00
-1.040000000000000036e+00 2.119972105755367320e+00
-9.599999999999999645e-01 5.674429966446833618e+00
-8.799999999999998934e-01 3.996010637407598320e+00
-8.000000000000000444e-01 3.700463080746775546e+00
-7.199999999999999734e-01 5.409137621843127519e+00
-6.399999999999999023e-01 5.976512139931688949e+00
-5.600000000000000533e-01 8.714082080831861532e+00
-4.799999999999999822e-01 6.874094263461612897e+00
-3.999999999999999112e-01 7.653956059716092497e+00
-3.200000000000000622e-01 5.439218971121135837e+00
-2.399999999999999911e-01 7.078379375824399133e+00
-1.599999999999999201e-01 8.200515533975762494e+00
-8.000000000000007105e-02 6.297632707431031207e+00
0.000000000000000000e+00 6.301734781604628743e+00
8.000000000000007105e-02 8.764709191716530512e+00
1.600000000000001421e-01 6.225190216037125523e+00
2.400000000000002132e-01 6.115598208298235861e+00
3.199999999999998401e-01 7.622536240754973491e+00
3.999999999999999112e-01 4.876221307768568103e+00
4.799999999999999822e-01 4.067444509894864169e+00
5.600000000000000533e-01 6.901014863024229840e+00
6.400000000000001243e-01 3.045119121636886472e+00
7.200000000000001954e-01 2.919476537185872189e+00
8.000000000000002665e-01 3.854978501023595516e+00
8.799999999999998934e-01 3.375081247346565672e+00
9.599999999999999645e-01 5.448906901799848157e+00
1.040000000000000036e+00 3.055027890928367906e+00
1.120000000000000107e+00 2.918511747962523106e+00
1.200000000000000178e+00 5.394698404927537716e+00
1.280000000000000249e+00 2.649446703213997889e+00
1.359999999999999876e+00 3.457455493630652299e+00
1.439999999999999947e+00 2.730587127367677613e+00
1.520000000000000018e+00 4.005256433866618337e+00
1.600000000000000089e+00 4.253102115998805388e+00
1.680000000000000160e+00 4.379127486445090867e+00
1.760000000000000231e+00 4.296848393788497589e+00
1.839999999999999858e+00 5.333575521418734589e+00
1.919999999999999929e+00 5.084650182307317579e+00
2.000000000000000000e+00 8.348104407190227505e+00
